?val_L =  2
val_M =  30
val_H =  10

rmse =  0.0073995
mae =   1.0458e-004
r2 =  0.99173
mnsc =  0.91429