# Created by Octave 4.2.2, Sun Jul 22 19:52:45 2018 GMT <unknown@unknown>
# name: result_train
# type: cell
# rows: 1
# columns: 1
# name: <cell-element>
# type: scalar struct
# ndims: 2
 1 1
# length: 2
# name: L
# type: scalar
2


# name: memory
# type: cell
# rows: 1
# columns: 1
# name: <cell-element>
# type: scalar struct
# ndims: 2
 1 1
# length: 2
# name: M
# type: scalar
35


# name: h
# type: cell
# rows: 1
# columns: 1
# name: <cell-element>
# type: scalar struct
# ndims: 2
 1 1
# length: 3
# name: H
# type: scalar
1


# name: a_L
# type: matrix
# rows: 35
# columns: 1
 1.695409281933257
 -1.550061671500071
 1.553973557328104
 -1.466862842918147
 1.553493731683393
 -1.524474873509282
 1.450938214095581
 -1.370010117710315
 1.382393953738137
 -1.489908958184454
 1.599656877018206
 -1.327244144068345
 1.142276368932843
 -1.216573170638334
 1.138685940316572
 -1.169437273233968
 1.044116059561449
 -0.8688451124584118
 0.7661645316188981
 -0.7747085678663446
 0.7303379876625322
 -0.573430850265634
 0.5936403799591843
 -0.3496309683302985
 0.2710618978567876
 -0.432153117898503
 0.412204958921166
 -0.4064637563468692
 0.3580553827397557
 -0.3468411910433105
 0.2665168150373831
 -0.1332274686895776
 -0.0211545766300012
 0.08350377495972694
 -0.01979077196210288


# name: a_H
# type: matrix
# rows: 70
# columns: 1
 0.1150694764441489
 -0.03647186915364342
 -0.02146600801244352
 -0.04382176458464185
 -0.02766463161297349
 0.01108198008308749
 -0.001866529621630066
 -0.02256194544670662
 0.02395476988716162
 -4.473920248292888e-005
 -0.09380651406960304
 -0.02179151933476426
 0.06299221505536229
 0.03620472596714307
 0.02707151291665128
 0.03863409548397037
 -0.01241537927628364
 -0.0180632056451727
 0.02764702912003401
 0.01367182319395473
 -0.02812829845847277
 -0.04251869683880525
 -0.06442539187987496
 -0.0414775450178772
 0.05825449489835179
 0.04495390379039207
 0.003303209448193147
 0.01005178873132081
 0.009423203973932065
 0.0173975136305862
 -0.01459623873332236
 0.005351860613006241
 0.02165399992191019
 -0.03171963667547786
 -0.003426533216356601
 -0.1596172633476834
 0.007972889306570703
 0.006980566555536576
 -0.0296011070863108
 0.04582322477441595
 -0.007062003044891625
 -0.005914531302607808
 -0.01491604342758044
 0.06174145054458328
 -0.08605077755810377
 -0.008078854040200534
 0.08030412496396204
 0.004724107335938734
 -0.03149417483882319
 0.02253984158684342
 -0.01087687170734034
 -0.04036268788962434
 0.03477476381959086
 0.01107517327774127
 -0.02509129483916121
 -0.0168711241684699
 0.002335573010694156
 -0.024563333979932
 0.04753243048189856
 0.05259927719999048
 -0.06597492887831277
 0.02442405487140879
 -0.01770287763004769
 0.0171701121975708
 -0.009165954924530074
 -0.02296314572515262
 0.04308561837043399
 -0.02680172187648412
 -0.02678284993732892
 0.05526244196287229

















