# Created by Octave 4.2.2, Sun Jul 22 19:52:45 2018 GMT <unknown@unknown>
# name: result_test
# type: cell
# rows: 1
# columns: 1
# name: <cell-element>
# type: scalar struct
# ndims: 2
 1 1
# length: 2
# name: L
# type: scalar
2


# name: memory
# type: cell
# rows: 1
# columns: 1
# name: <cell-element>
# type: scalar struct
# ndims: 2
 1 1
# length: 2
# name: M
# type: scalar
35


# name: h
# type: cell
# rows: 1
# columns: 1
# name: <cell-element>
# type: scalar struct
# ndims: 2
 1 1
# length: 6
# name: H
# type: scalar
1


# name: zv
# type: matrix
# rows: 146
# columns: 1
 0.7352794601518118
 0.7240696729587603
 0.7092410328338569
 0.6870078092090203
 0.6726941918648101
 0.6739572950791606
 0.6859857688748213
 0.7011989553314576
 0.7138256118022118
 0.7222806174285059
 0.7310099153028408
 0.7486319588207244
 0.7512416112288153
 0.7444858759336905
 0.7301962309311082
 0.7029381176563082
 0.6941197007996692
 0.6941023818459362
 0.7092978682049117
 0.7228775936662749
 0.7402767734716411
 0.7420576054472088
 0.745518124560422
 0.7561797072949178
 0.7707061482607663
 0.7619170790428685
 0.7485562245300273
 0.7247961399678227
 0.7160592967973932
 0.7137806861490438
 0.726206582207359
 0.7399673589995529
 0.7540468238104231
 0.7595689910939404
 0.7728887122976522
 0.7808933404067072
 0.7862718867524247
 0.7801332801599833
 0.7647717420280575
 0.7459844361987059
 0.7313308384131272
 0.7290333765710266
 0.7441290897467251
 0.7595065393733068
 0.7713034635926618
 0.7876862671676679
 0.7962402847557633
 0.8108385205932149
 0.8147750958619788
 0.8077503434338101
 0.7864739202734357
 0.7689743464024328
 0.7525268063413119
 0.7576384555548554
 0.7710419226718864
 0.7835662966300583
 0.7981194573111289
 0.8046280174037957
 0.8108507929328486
 0.8186778584873686
 0.8270166240326371
 0.8236049395203788
 0.8099959665441178
 0.7869841373026684
 0.7752156904536436
 0.7755314531261487
 0.787373161072513
 0.8045260323293333
 0.8162839239543268
 0.8247668441962279
 0.8293946099992349
 0.8481206417074899
 0.8532397479898176
 0.8433897875541557
 0.8290335603114879
 0.8097072466801586
 0.7960753247557693
 0.7960310924444163
 0.8149390076404549
 0.8294985067839915
 0.8409551559261352
 0.8544952203825154
 0.8601262615705731
 0.8709409260018584
 0.8838797512235546
 0.8731067912330756
 0.8587740820646129
 0.8385871406110023
 0.8194646454236471
 0.8233594195632914
 0.8368553028815853
 0.8551190272194202
 0.8642979833410922
 0.8670375927175069
 0.8836202730443945
 0.9011127211826806
 0.9041402788595929
 0.8997725932279556
 0.8771295680091186
 0.8567979933274286
 0.8394966622935779
 0.8465169953231475
 0.8588166229544892
 0.8757159811892694
 0.8862917282535434
 0.8897055866493182
 0.901944902985927
 0.9201896713964411
 0.9265434067362128
 0.9152823151955101
 0.8996142255824852
 0.8760557347309543
 0.8622714863070708
 0.8694113397830846
 0.887997584507716
 0.9055047759889284
 0.9120545593869646
 0.9277173100626791
 0.9356307344731125
 0.9616601623474699
 0.9651071148565017
 0.9553336001067813
 0.9317100441722311
 0.9090327390313643
 0.8975778575495288
 0.9020618115753534
 0.9228747441014595
 0.9311408319526228
 0.9491568588596728
 0.951449369849643
 0.9599174720118598
 0.9775909765791931
 0.9848877079915415
 0.976039746576629
 0.9586467827182414
 0.9378216434287715
 0.9212665762885109
 0.923367295571992
 0.9390054261005224
 0.9556402909202727
 0.9678967812512974
 0.9711559344635755
 0.9828719677930416
 0.9907029306110944
 1.000813296131606
 0.9959250992487799


# name: mse
# type: scalar
6.247159109064593e-007


# name: r2
# type: scalar
0.9999913515190175


# name: mae
# type: scalar
3.355614377914007e-006


# name: mnsc
# type: scalar
0.9908964815286828

















