# Created by Octave 4.2.2, Wed Jul 18 01:13:40 2018 GMT <unknown@unknown>
# name: a_L
# type: matrix
# rows: 30
# columns: 1
 -0.02766450437015706
 0.1325120255942281
 0.1321598269043878
 -0.5753917975862772
 0.2903805283748814
 0.3055571357633475
 -0.1503034776844287
 0.05974263843887889
 -0.7933730885193698
 1.016950985470775
 -0.2259134812812955
 -0.1950936228855795
 0.04599308735730134
 -0.07689968525851384
 0.3469380887436629
 -0.5199462278991333
 0.09597697863307852
 0.983601253033445
 -1.37795804127369
 0.5436981459141235
 -0.3119961258864175
 0.9627577666786703
 -0.1335698220807754
 -1.469727553358
 0.7898610667722978
 0.8470532810841087
 -0.5552160194042415
 0.12959991549701
 -1.529167825031625
 2.258943763497697


# name: a_H
# type: matrix
# rows: 30
# columns: 1
 -0.06943772891705785
 -0.1318824393952153
 -0.5321209998366651
 -0.6313932930111816
 -0.4226581333056499
 -0.1160863016088935
 0.3047698806499659
 0.06884000007762621
 -0.1695039684704551
 -0.3787613213872838
 -0.6081704758216886
 -0.403294126691537
 -0.6374217958762944
 -0.6262367866162081
 -0.528012729900233
 -0.2182178820403976
 0.3669989496289343
 0.006265011261475535
 -0.3668226500114131
 -0.7840338820588855
 -0.9672995030496346
 -0.4253724801233416
 -0.6015837231844303
 -0.4410709455324163
 -0.1788771826360318
 0.04804677859534128
 0.5303955652356995
 -0.2240684571090135
 -0.8415407829661989
 -1.175209111802478


