# Created by Octave 4.2.2, Wed Jul 18 04:57:14 2018 GMT <unknown@unknown>
# name: a_L
# type: matrix
# rows: 35
# columns: 1
 0.1180354805364334
 -0.191131069002144
 0.2632341795486826
 -0.7668390177161502
 0.9666037908871483
 -0.3743899048196224
 -0.01063342938086875
 0.2057787298563704
 -0.8431785414143858
 1.256774330042095
 -0.6991234083881881
 0.02271366323683699
 0.5336437112582111
 -1.744915724523453
 2.140427319742898
 -0.9386957105132383
 0.1893897014968263
 0.182480343327006
 -1.344540120189051
 1.957428094225938
 -1.109358025546503
 0.2634843279456482
 0.4381166125950254
 -2.15318930644521
 2.93634476981443
 -1.377296370510318
 0.02562015839301846
 0.4497649822729076
 -1.364179411341039
 1.811150687561721
 -0.9906048290185356
 0.1709324853533422
 0.3306063165919422
 -1.608858033906287
 2.254102264611541


# name: a_H
# type: matrix
# rows: 35
# columns: 1
 0.07181685722160089
 0.1542764155414219
 0.3092769929311478
 0.1905482270789274
 -0.125936158334143
 -0.284163483861988
 0.07733782194310738
 0.3388285125671741
 0.2204211078776404
 -0.08674885368984848
 -0.1310885346409989
 0.1743667115108994
 0.5056245517491779
 0.3775815502705362
 -0.371372551529938
 -0.7719121151537411
 0.03995607154088504
 0.5834894544652925
 0.3835694170092671
 -0.299709341066204
 -0.5175948947980826
 0.03056392491996349
 0.5553192607654478
 0.1624000388523663
 -0.9252092295192652
 -1.032962334022757
 0.1079655146802072
 0.4040356422219041
 0.110451484937312
 -0.4377742879432165
 -0.5384920921932622
 0.001344531207606752
 0.281962825378952
 -0.2102659352407992
 -1.067766978134399


