# Created by Octave 4.2.2, Wed Jul 18 06:47:10 2018 GMT <unknown@unknown>
# name: a_L
# type: matrix
# rows: 30
# columns: 1
 -0.02766450437014534
 0.1325120255942468
 0.1321598269043448
 -0.5753917975862514
 0.2903805283748918
 0.3055571357633418
 -0.150303477684443
 0.05974263843886068
 -0.7933730885193258
 1.01695098547077
 -0.2259134812813204
 -0.1950936228855718
 0.04599308735731675
 -0.0768996852585038
 0.3469380887436472
 -0.5199462278991501
 0.09597697863309307
 0.9836012530334708
 -1.37795804127372
 0.5436981459141137
 -0.3119961258864309
 0.9627577666787241
 -0.1335698220808178
 -1.469727553357988
 0.7898610667722881
 0.8470532810841204
 -0.5552160194042406
 0.1295999154969927
 -1.529167825031609
 2.258943763497687


# name: a_H
# type: matrix
# rows: 30
# columns: 1
 -0.06943772891705687
 -0.1318824393952161
 -0.5321209998366663
 -0.6313932930111827
 -0.4226581333056504
 -0.1160863016088924
 0.3047698806499641
 0.06884000007762464
 -0.1695039684704576
 -0.3787613213872877
 -0.6081704758216897
 -0.4032941266915388
 -0.6374217958762952
 -0.6262367866162072
 -0.528012729900234
 -0.2182178820403961
 0.3669989496289318
 0.006265011261472811
 -0.3668226500114151
 -0.7840338820588897
 -0.9672995030496352
 -0.4253724801233423
 -0.6015837231844307
 -0.4410709455324159
 -0.1788771826360323
 0.04804677859534218
 0.5303955652356989
 -0.2240684571090148
 -0.8415407829661997
 -1.175209111802479


