# Created by Octave 4.2.2, Sun Jul 22 23:00:35 2018 GMT <unknown@unknown>
# name: Config
# type: scalar struct
# ndims: 2
 1 1
# length: 3
# name: L
# type: scalar
2


# name: M
# type: matrix
# rows: 1
# columns: 4
 24 26 28 30


# name: H
# type: matrix
# rows: 1
# columns: 25
 1 2 3 4 5 6 7 8 9 10 11 12 13 14 15 16 17 18 19 20 21 22 23 24 25




