# Created by Octave 4.2.2, Wed Aug 01 18:12:34 2018 GMT <unknown@unknown>
# name: Config
# type: scalar struct
# ndims: 2
 1 1
# length: 3
# name: L
# type: scalar
7


# name: M
# type: matrix
# rows: 1
# columns: 11
 20 21 22 23 24 25 26 27 28 29 30


# name: H
# type: scalar
1




