# Created by Octave 4.2.2, Mon Aug 06 02:45:58 2018 GMT <unknown@unknown>
# name: Config
# type: scalar struct
# ndims: 2
 1 1
# length: 3
# name: L
# type: scalar
7


# name: M
# type: scalar
30


# name: H
# type: scalar
1




