# Created by Octave 4.2.2, Wed Aug 01 21:45:15 2018 GMT <unknown@unknown>
# name: result_test
# type: cell
# rows: 1
# columns: 1
# name: <cell-element>
# type: scalar struct
# ndims: 2
 1 1
# length: 2
# name: L
# type: scalar
7


# name: memory
# type: cell
# rows: 1
# columns: 11
# name: <cell-element>
# type: scalar struct
# ndims: 2
 1 1
# length: 2
# name: M
# type: scalar
20


# name: h
# type: cell
# rows: 1
# columns: 1
# name: <cell-element>
# type: scalar struct
# ndims: 2
 1 1
# length: 6
# name: H
# type: scalar
1


# name: zv
# type: matrix
# rows: 176
# columns: 1
 0.1435079092883571
 0.3644057071262316
 0.3472117970828463
 0.2639628434251423
 0.3003761853939255
 0.1333473400065661
 0.3761042092700196
 0.2882898222820207
 0.2038393996774631
 0.2391009871102864
 0.2271258635139424
 0.2805240837218126
 0.3090914541401453
 0.336388382914981
 0.2069638218291072
 0.2951944710790206
 0.2843665541705445
 0.3221676091617525
 0.1083771823646749
 0.3888061144831926
 0.242660898833034
 0.3101920019840975
 0.254087843997666
 0.3411744311695672
 0.3844614261160026
 0.2192221579670497
 0.1762443133757724
 0.2394525069319608
 0.4460450077282889
 0.3024994848274322
 0.4047875834211582
 0.3367214280188623
 0.3244887345804287
 0.2927940596415544
 0.3974070434307674
 0.2274531623555446
 0.1938270301451747
 0.3505642305555996
 0.2271387341293835
 0.2303659184725403
 0.167185231358332
 0.4102245557875177
 0.4305513239112343
 0.3658078483148242
 0.3415366451199957
 0.3811159738949352
 0.284433382072422
 0.1842778854617106
 -0.01070467966524383
 0.1813209055111614
 0.3932532217123672
 0.1540750272508533
 0.1008563880878311
 0.1051942802415692
 0.3672866898603708
 0.4018041567822759
 0.1417147777813573
 0.1128403344340167
 0.2225217881699926
 0.3390595357910352
 0.1768019152486707
 0.2776134893495622
 0.2670995701796658
 0.4807005821497522
 0.3058424189833688
 0.3825142602203463
 0.1999475920829383
 0.2729018809844059
 0.294975040982993
 0.3213084567733499
 0.4307679734816639
 0.2724535717252578
 0.4379240449100157
 0.2983233276603193
 0.120803217542139
 0.2081546221172938
 0.3710020212962233
 0.1798575044832873
 0.2612602905613073
 0.3177492470606742
 0.2983600230474715
 0.4298919743274968
 0.4560309549241872
 0.3170980115076463
 0.2870937104215767
 0.3729784860638606
 0.2430673775635067
 0.2270238250855183
 0.3239914448319221
 0.4112260426087845
 0.4539468709941755
 0.1503236831140098
 0.2995141552935199
 0.5131634439648274
 0.3925493103716809
 0.1898409931423547
 0.2889360762762518
 0.3840522620050931
 0.2297170445873301
 0.2559610404849244
 0.231636153530204
 0.1817179862860425
 0.3369484982047565
 0.1342728762857762
 0.3707605646705884
 0.4516291093710676
 0.3295693127880148
 0.3100959770628969
 0.2007459339438104
 0.2297598060471912
 0.3124782482078393
 0.4955517369996569
 0.385125502510828
 0.3527383663741133
 0.3174025730415688
 0.3999996364223442
 0.6466747351216029
 0.4007345580841157
 0.3981367416222835
 0.7545257396372657
 0.5486187554653994
 0.5810336041461304
 0.2731108331527498
 0.2905139833577572
 0.2839544520869601
 0.364091280782489
 0.2963020747520147
 0.2359799310544008
 0.4572689514341976
 0.4391293551881475
 0.2789162804904722
 0.3618137431950518
 0.4873455034325735
 0.5114066275374224
 0.4325630070087043
 0.459477118318955
 0.4077412325686817
 0.3401672108802206
 0.451236610846078
 0.3768159924087965
 0.370435599021588
 0.4177863095102198
 0.2823078900009584
 0.281757659589494
 0.227214477981441
 0.3566558977035183
 0.4339608810071932
 0.2619432297199494
 0.1082359988829131
 0.3422057005470753
 0.4152704585681615
 0.2245794455757417
 0.141691835790653
 0.152312867023467
 0.3525537156007963
 0.2734993443624034
 0.228754824461686
 0.3368474378588899
 0.2321778258285321
 0.2760412624802631
 0.3170796576307597
 0.2641942660020402
 0.3341830513018214
 0.4774084216247325
 0.2987742135095934
 0.3818829353678476
 0.2974821808526683
 0.3411366421512791
 0.4390438414170363
 0.4968453748782252
 0.3006382920648289
 0.4025098501443451
 0.3918708511979518
 0.4515905830726201
 0.2785809172116438
 0.02162275928755802


# name: mse
# type: scalar
8.965681701420044e-005


# name: r2
# type: scalar
0.998318791666254


# name: mae
# type: scalar
6.65373527769219e-005


# name: mnsc
# type: scalar
0.9129030633124274










# name: <cell-element>
# type: scalar struct
# ndims: 2
 1 1
# length: 2
# name: M
# type: scalar
21


# name: h
# type: cell
# rows: 1
# columns: 1
# name: <cell-element>
# type: scalar struct
# ndims: 2
 1 1
# length: 6
# name: H
# type: scalar
1


