# Created by Octave 4.2.2, Wed Aug 01 19:00:32 2018 GMT <unknown@unknown>
# name: result_train
# type: cell
# rows: 1
# columns: 1
# name: <cell-element>
# type: scalar struct
# ndims: 2
 1 1
# length: 2
# name: L
# type: scalar
7


# name: memory
# type: cell
# rows: 1
# columns: 11
# name: <cell-element>
# type: scalar struct
# ndims: 2
 1 1
# length: 2
# name: M
# type: scalar
20


# name: h
# type: cell
# rows: 1
# columns: 1
# name: <cell-element>
# type: scalar struct
# ndims: 2
 1 1
# length: 3
# name: H
# type: scalar
1


# name: a_L
# type: matrix
# rows: 20
# columns: 1
 1.135682168400553
 0.02456241075072336
 -0.066631031480547
 0.06361276719953274
 -0.08620575627116669
 -0.1680288026687331
 -0.661310182942608
 0.8630209976533086
 0.009113632044693346
 -0.1270880029953818
 0.1263332313266357
 -0.08366556485214235
 -0.03865141084955887
 -0.3506402500092081
 0.3465835818571077
 0.01535372437004614
 0.006643957840283439
 0.09315829004274273
 -0.1635481872596952
 0.06026358775950795


# name: a_H
# type: matrix
# rows: 40
# columns: 1
 -1.950097712818769
 -0.8635998557327557
 -0.8161561057468192
 -0.9047858576404639
 -0.8419867161235181
 6.16597900300052
 -0.7458892652190667
 -0.4317494606519787
 -0.2313718377535462
 -0.01191445009271631
 0.2578704053227868
 0.5789181980124437
 -0.1743896694651637
 -0.08539938339029868
 -0.02135992315219705
 0.02626339745279949
 0.0532113895496173
 0.04173230212177351
 -0.03124370280917314
 -0.01349083039546886
 -0.7526927406770779
 -0.8910444374375228
 -0.8590368539852898
 -0.8621664521688185
 -0.9376385055283696
 -1.014340464335132
 0.03235959077165858
 -0.06708315145154499
 -0.1105182818570079
 -0.1272325440466821
 -0.1347016107997088
 -0.08969303537541204
 0.03043404945576927
 -0.00348736862663273
 -0.02750832035140728
 -0.03407164779079146
 -0.002853356634891963
 0.001919197563397981
 0.007286040167139794
 -0.005800622022639221










# name: <cell-element>
# type: scalar struct
# ndims: 2
 1 1
# length: 2
# name: M
# type: scalar
21


# name: h
# type: cell
# rows: 1
# columns: 1
# name: <cell-element>
# type: scalar struct
# ndims: 2
 1 1
# length: 3
# name: H
# type: scalar
1


# name: a_L
# type: matrix
# rows: 21
# columns: 1
 1.129671607284019
 0.03846421730497348
 -0.07467035607789312
 0.06279706311385645
 -0.0859036490047671
 -0.1927092908335487
 -0.6378685334027542
 0.8657353881587072
 0.01898258053669977
 -0.1381745193807747
 0.1339982510049349
 -0.08403560983834682
 -0.1023429020752984
 -0.3020878193790554
 0.3588874126772895
 0.02440761334625695
 0.0006952975677694245
 0.09654520020933324
 -0.1630685794308864
 -0.02286361191003374
 0.07207118882097863


# name: a_H
# type: matrix
# rows: 42
# columns: 1
 -1.946922928736728
 -0.8681812793973878
 -0.8150635647654039
 -0.9057420696972969
 -0.8378335714283368
 6.164875914968423
 -0.7458239772036742
 -0.4320893105460361
 -0.2310350412174055
 -0.01168113752360392
 0.258249488936672
 0.5788802630414902
 -0.1742095623198779
 -0.08538316040802867
 -0.02153979933266002
 0.02606824285758734
 0.05311177855284706
 0.04169785498031142
 -0.0312164358699434
 -0.01343608558471592
 -0.00216111581544466
 -0.753161742561446
 -0.8912655383694915
 -0.8592230965106905
 -0.8623506287607795
 -0.9387741534384123
 -1.014323125493612
 0.03315516801523637
 -0.06689573361479227
 -0.1109017735679159
 -0.1272884347346788
 -0.135187830881465
 -0.08957058145691429
 0.03070107197151125
 -0.003794624469947707
 -0.02885168980015032
 -0.03402521748364595
 -0.001909696626884362
 0.002298549510808347
 0.007775394630150689
 -0.005218627607125714
 -0.007814825591446074










# name: <cell-element>
# type: scalar struct
# ndims: 2
 1 1
# length: 2
# name: M
# type: scalar
22


# name: h
# type: cell
# rows: 1
# columns: 1
# name: <cell-element>
# type: scalar struct
# ndims: 2
 1 1
# length: 3
# name: H
# type: scalar
1


# name: a_L
# type: matrix
# rows: 22
# columns: 1
 1.119649519438646
 0.04299858386463543
 -0.05257267157891736
 0.05049409576343333
 -0.0869667525708379
 -0.1999806175271975
 -0.6945102970670723
 0.9179697304405222
 0.03589895166437107
 -0.1304234269622975
 0.1156426794254798
 -0.05985162568273338
 -0.1061632386562557
 -0.4377220489401508
 0.4571415979611355
 0.05398115091605134
 0.01115823448985259
 0.08658296340416355
 -0.1464608937882804
 -0.02893444810405499
 -0.1082572783408536
 0.1589806492721954


# name: a_H
# type: matrix
# rows: 44
# columns: 1
 -1.949364557605318
 -0.8692347310188144
 -0.8109235855160352
 -0.9077921431543345
 -0.8378577383404995
 6.16508591424057
 -0.746073713699427
 -0.432094897520092
 -0.2308088228949889
 -0.01202035118275056
 0.2581377667231486
 0.5788062373671446
 -0.1743952080118856
 -0.08556922604627488
 -0.02157195394028561
 0.02601807264054032
 0.05295180094245536
 0.04131182283517151
 -0.03184773684785953
 -0.01424560862885288
 -0.003214628793455505
 0.005213454872057853
 -0.7533273687042843
 -0.8916019870496673
 -0.8594156072767613
 -0.8621481010709453
 -0.9388898770600947
 -1.014103248035369
 0.03325361333443652
 -0.06778170080619411
 -0.1108755639953133
 -0.126981357188897
 -0.135326174148835
 -0.08936990117882686
 0.0305325009396553
 -0.003764528842180313
 -0.02862940051929621
 -0.03385101853512833
 -0.002551487193215506
 0.0008559680674566921
 0.006819178388181626
 -0.006008538227726003
 -0.008624280069143715
 0.003731706702409967










# name: <cell-element>
# type: scalar struct
# ndims: 2
 1 1
# length: 2
# name: M
# type: scalar
23


# name: h
# type: cell
# rows: 1
# columns: 1
# name: <cell-element>
# type: scalar struct
# ndims: 2
 1 1
# length: 3
# name: H
# type: scalar
1


# name: a_L
# type: matrix
# rows: 23
# columns: 1
 1.134675042645737
 0.03305448730144971
 -0.05508793321418962
 0.03570664671266275
 -0.07865966954881963
 -0.1980536304745508
 -0.6893418085682056
 0.9614178323572979
 -0.005480284663609128
 -0.1410135482343441
 0.1088180392644652
 -0.04858920809142916
 -0.1175989037577278
 -0.4344830708879641
 0.5444010561739843
 -0.01141288731935809
 -0.007593556453364209
 0.07743353810039459
 -0.1411030800841403
 -0.03402663328619873
 -0.1056723418785463
 0.2662908770559806
 -0.09501528893016921


# name: a_H
# type: matrix
# rows: 46
# columns: 1
 -1.946703294879555
 -0.8690789924659348
 -0.812530691361566
 -0.9055439766986568
 -0.8397703552243919
 6.163988727759765
 -0.7453941634589782
 -0.4320114454378707
 -0.2309747339858054
 -0.01188595533765377
 0.257982001229185
 0.5787107267607723
 -0.1744716683921312
 -0.08568891589921125
 -0.02158190512840383
 0.02610420690264833
 0.05263801005594561
 0.04076544822714764
 -0.03262239398859322
 -0.01524790362595656
 -0.004390063681801469
 0.003660293118644041
 0.004471976224390177
 -0.7517155432850745
 -0.8906666185412034
 -0.8592103049414275
 -0.8622624400893054
 -0.9376797454268495
 -1.013607669442772
 0.03255724684844397
 -0.0677784723461626
 -0.1113730241048391
 -0.126402438600686
 -0.1350798353526904
 -0.0895553784359614
 0.0301448419298958
 -0.003962905034909928
 -0.02776699808068999
 -0.03392627550191427
 -0.004325952839745284
 -0.0001298849985826454
 0.005717127545473795
 -0.007062754851971234
 -0.008974158475936979
 0.003488450036317364
 -0.006483488835171963










# name: <cell-element>
# type: scalar struct
# ndims: 2
 1 1
# length: 2
# name: M
# type: scalar
24


# name: h
# type: cell
# rows: 1
# columns: 1
# name: <cell-element>
# type: scalar struct
# ndims: 2
 1 1
# length: 3
# name: H
# type: scalar
1


