# Created by Octave 4.2.2, Mon Aug 06 02:46:56 2018 GMT <unknown@unknown>
# name: result_train
# type: cell
# rows: 1
# columns: 1
# name: <cell-element>
# type: scalar struct
# ndims: 2
 1 1
# length: 2
# name: L
# type: scalar
7


# name: memory
# type: cell
# rows: 1
# columns: 1
# name: <cell-element>
# type: scalar struct
# ndims: 2
 1 1
# length: 2
# name: M
# type: scalar
30


# name: h
# type: cell
# rows: 1
# columns: 1
# name: <cell-element>
# type: scalar struct
# ndims: 2
 1 1
# length: 3
# name: H
# type: scalar
1


# name: a_L
# type: matrix
# rows: 30
# columns: 1
 1.1617977365909
 -0.007144841494284737
 -0.04161182170623467
 0.02669404447238719
 -0.07887127235301286
 -0.1442152252609646
 -0.7913733574722365
 1.039869688310796
 -0.06633895471059249
 -0.06923248452568131
 0.09995313273677377
 -0.08119687494799518
 -0.1075875936939767
 -0.5731513027949549
 0.7509022994450468
 -0.1159358296862704
 0.03169572270997803
 0.1256467627068975
 -0.1511426469922069
 -0.06623075871719207
 -0.3589280732232984
 0.5747151814772081
 -0.2121426333775366
 0.06283915301554437
 0.07941941262241903
 -0.06100706510851763
 -0.03215909598648806
 -0.2936684475236445
 0.4140539002170692
 -0.1166353865023134


# name: a_H
# type: matrix
# rows: 60
# columns: 1
 -1.940175436278715
 -0.8696579140633908
 -0.8106393380786733
 -0.9002542008059358
 -0.837564540800443
 6.150716588611554
 -0.7429124982906762
 -0.4301216075536096
 -0.2296712965145335
 -0.01138300272701965
 0.258200952966664
 0.5784778370657401
 -0.1735216811757159
 -0.08554379529028357
 -0.02118123072755922
 0.02701137576103817
 0.05374983393687754
 0.04136923849115928
 -0.03194247590484744
 -0.01361218556786086
 -0.001812405665017565
 0.006574419627592833
 0.007252688790727202
 -0.0009567221804798733
 -0.007449138997684547
 -0.003565971290079766
 -0.0007899970313205864
 0.0003957570335663769
 -0.005410443353626305
 -0.00540305119419714
 -0.7531795538569107
 -0.8858088191931754
 -0.8564025014917358
 -0.8627391120470856
 -0.9365809936202049
 -1.01049826090243
 0.03548842030297116
 -0.06876243893377185
 -0.1125176030468197
 -0.1278015584210991
 -0.1324800717816091
 -0.08923007664349134
 0.02736702414762635
 -0.00433656883882371
 -0.02547654739129341
 -0.03114202576439647
 -0.004896820854765456
 -0.001475767112983715
 0.005665274715031513
 -0.003830212211035801
 -0.005189541528807232
 0.00561114298462739
 -0.006518076488722189
 -0.007722342446792386
 0.001703514223811959
 0.004518683057568734
 0.002802758823637201
 0.0009510227075976484
 -0.0230873108089309
 0.006227661536311467

















