# Created by Octave 4.2.2, Sun Jul 22 21:31:00 2018 GMT <unknown@unknown>
# name: Config
# type: scalar struct
# ndims: 2
 1 1
# length: 3
# name: L
# type: scalar
2


# name: M
# type: scalar
32


# name: H
# type: scalar
10




