# Created by Octave 4.2.2, Mon Jul 23 03:18:25 2018 GMT <unknown@unknown>
# name: Config
# type: scalar struct
# ndims: 2
 1 1
# length: 3
# name: L
# type: scalar
14


# name: M
# type: scalar
29


# name: H
# type: scalar
1




