# Created by Octave 4.2.2, Tue Jul 24 13:08:03 2018 GMT <unknown@unknown>
# name: Config
# type: scalar struct
# ndims: 2
 1 1
# length: 3
# name: L
# type: matrix
# rows: 1
# columns: 2
 2 8


# name: M
# type: matrix
# rows: 1
# columns: 2
 30 25


# name: H
# type: scalar
1




