# Created by Octave 4.2.2, Wed Jul 25 12:13:51 2018 GMT <unknown@unknown>
# name: Config
# type: scalar struct
# ndims: 2
 1 1
# length: 3
# name: L
# type: scalar
12


# name: M
# type: matrix
# rows: 1
# columns: 2
 20 30


# name: H
# type: scalar
1




