# Created by Octave 4.2.2, Wed Aug 08 14:01:33 2018 GMT <unknown@unknown>
# name: result_test
# type: cell
# rows: 1
# columns: 1
# name: <cell-element>
# type: scalar struct
# ndims: 2
 1 1
# length: 2
# name: L
# type: scalar
7


# name: memory
# type: cell
# rows: 1
# columns: 1
# name: <cell-element>
# type: scalar struct
# ndims: 2
 1 1
# length: 2
# name: M
# type: scalar
30


# name: h
# type: cell
# rows: 1
# columns: 1
# name: <cell-element>
# type: scalar struct
# ndims: 2
 1 1
# length: 6
# name: H
# type: scalar
1


# name: zv
# type: matrix
# rows: 1
# columns: 205
 0.5955531666523711 0.5960177190962829 0.5968024724684968 0.5977773482998074 0.5988056132831971 0.5998137311982729 0.6007503006278122 0.6015466560797728 0.6021612609617655 0.6026355179637273 0.6030430797274862 0.6033615533133494 0.6034300182521778 0.6030737664939079 0.6022700428088201 0.6011780655851815 0.6000264136206931 0.5989990760351015 0.598214920593282 0.5977400253609318 0.5975457751541751 0.5974653729049354 0.5972655293331371 0.5968335733285595 0.5963213315438241 0.5960651348318725 0.5963063106118308 0.596973704192818 0.5977523189384439 0.5983709193966344 0.5988018958862142 0.5991708000945667 0.5995174632103716 0.599715415841904 0.5996470221944695 0.5993906030632785 0.5991492540417215 0.5990004451759661 0.598792236374721 0.5983372365383961 0.5976891313269106 0.5971733274933287 0.5971227785537848 0.5975919189598349 0.5983209170981196 0.598964209785642 0.5993452758314567 0.5994945938200938 0.5994925494340771 0.5993434715745364 0.5990314680320925 0.598668034341405 0.5985045997435007 0.5987343486172305 0.5992804727586947 0.599823009838654 0.6000732462775428 0.6000189438651581 0.5998807054377829 0.5998429982987614 0.5998612320435343 0.5997393680991705 0.5993686322432635 0.5988550314067375 0.5984192137618617 0.5982110659833674 0.5982333054514294 0.5984117143966641 0.5986892690263725 0.5990257423073846 0.5993243117104432 0.5994063968531977 0.5991095646661705 0.5984336923505529 0.5975751197412784 0.5967985101542073 0.5962815450602859 0.5960775630872746 0.5961658849433896 0.5964699291616218 0.5968318847149641 0.5970401755355509 0.5969484288117736 0.5965953572051341 0.596201619895807 0.5960316890703642 0.5962505145877106 0.5968848425576946 0.5978672941853117 0.5990899000630031 0.6004236353135056 0.6016977467139464 0.6026833214054198 0.6031598947835779 0.603037007252613 0.6023933138970097 0.6013970179283068 0.6002019186200068 0.5989245512491038 0.5977158319392981 0.5967941357932535 0.5963342730712283 0.5963192461276243 0.596550178385676 0.5968349634266287 0.5971471994625318 0.5975658832972931 0.5980853007244614 0.5985712996690358 0.5989401446745146 0.5993066739027189 0.5998686086660261 0.6006373105205079 0.601348263427537 0.6016933711201793 0.6016229244804765 0.6013822853045563 0.6012633583079762 0.6013361679195485 0.6014136707506914 0.6012570155412763 0.6007923167439057 0.600120670823168 0.5993479400654644 0.598472320707604 0.5974888933847243 0.5965815389585456 0.596133590666472 0.5964741827594752 0.5975655927544524 0.5989266175385198 0.5999171805475442 0.6001897879132596 0.5999168737031885 0.5995904997833987 0.5995879597179061 0.5999256728821445 0.6004172960763452 0.6009928249922196 0.6017916618368503 0.6029556412430874 0.604384729059561 0.6057394447205885 0.6067016775384422 0.6072061450155024 0.6073707807566761 0.6072316082801125 0.6066332739213104 0.6054209031733938 0.6037228820286556 0.6019937589738117 0.6007175406005189 0.6000544225844716 0.5997848343356639 0.5995724205124962 0.59927021447741 0.5990068272205304 0.599004414488317 0.5993180201398975 0.5997963165573982 0.6003196719525761 0.6009859821884297 0.6019793477512196 0.6032837536712994 0.6046019819915023 0.6055830175654867 0.6060849631989988 0.6061919307515342 0.6060036731651329 0.6054468618303313 0.6043268743656317 0.602584365113086 0.6004839244192037 0.5985124128079082 0.5970717383234755 0.5962678559960058 0.5959637338503102 0.5959914075146134 0.5963069194040488 0.5969553921968233 0.5979025209204025 0.5989304928438058 0.5997375035211557 0.6001664748750396 0.6003369072305625 0.6005311272365124 0.6009263521910662 0.6014273617708479 0.6017800296849517 0.6018599696845052 0.6018209388947441 0.6019332568095647 0.602283580061129 0.6026759104110179 0.6028719148479672 0.6028925446483079 0.6029807756796756 0.6032070975232451 0.603147138043436 0.6020519124675306 0.6003498322421423 0.5992542015344929 0.5986427701562146 0.5990167305103143 0.5996280223394422


# name: mse
# type: scalar
0.0205238022890709


# name: r2
# type: scalar
-1.56728115772645


# name: mae
# type: scalar
0.00170391580212309


# name: mnsc
# type: scalar
-1.947873437660262

















