# Created by Octave 4.2.2, Tue Jul 24 13:13:25 2018 GMT <unknown@unknown>
# name: Param
# type: scalar struct
# ndims: 2
 1 1
# length: 3
# name: L
# type: scalar
2


# name: H
# type: scalar
1


# name: M
# type: scalar
2




