# Created by Octave 4.2.2, Tue Jul 24 13:08:04 2018 GMT <unknown@unknown>
# name: result_test
# type: cell
# rows: 1
# columns: 2
# name: <cell-element>
# type: scalar struct
# ndims: 2
 1 1
# length: 2
# name: L
# type: scalar
2


# name: memory
# type: cell
# rows: 1
# columns: 2
# name: <cell-element>
# type: scalar struct
# ndims: 2
 1 1
# length: 2
# name: M
# type: scalar
30


# name: h
# type: cell
# rows: 1
# columns: 1
# name: <cell-element>
# type: scalar struct
# ndims: 2
 1 1
# length: 6
# name: H
# type: scalar
1


# name: zv
# type: matrix
# rows: 1
# columns: 151
 0.6449145514683446 0.6561703852843241 0.664758137225639 0.6687245014682931 0.6673429986925689 0.6625865733805102 0.6545324601591649 0.6446783007651167 0.6372138578972512 0.6350502100804368 0.6389604536375904 0.647266679062091 0.6578634730154791 0.6676882396509787 0.6761564697825204 0.68153554113074 0.6806849247272464 0.6752292637946142 0.6670604873780182 0.6580519955449655 0.6504885432563968 0.6462492071123095 0.6488580537537122 0.6579002236435096 0.6688841414301028 0.6784494447771525 0.6858062685094165 0.6892378329667262 0.6875339833402269 0.6824520784420989 0.6747989559675068 0.6663553312113919 0.6602454104586133 0.6572474564661323 0.6599844636355261 0.6678791661979916 0.6777992854838398 0.6869373456046165 0.6935026453976161 0.697756086376723 0.6976215824257038 0.692215682544997 0.6835403092598292 0.6753710153976494 0.6706630343244178 0.6686584418061969 0.6704407013307588 0.6771697830672667 0.6859639934489385 0.6946885328325969 0.7009334161776835 0.7044064843545035 0.7055650573689448 0.7029977304740747 0.6962420502937233 0.687668022864194 0.6804680903548632 0.6779384851670127 0.6804568128951567 0.6871106976689491 0.6962846193922734 0.7049849282005649 0.7115961186756101 0.7151976474786738 0.7144591626747547 0.7096995362383987 0.7029876306589627 0.6958034106942204 0.6901069621927453 0.6875925388335561 0.6898612277272845 0.6970180955669655 0.7066835624491679 0.7152794989152172 0.7214064734424275 0.724003112455904 0.7227559557092846 0.7185795891143674 0.7112065924115291 0.7032465953262226 0.6980643918613757 0.6970269437034031 0.6998127797557536 0.7058173626537825 0.713947105760631 0.7214823562048878 0.7273302363979925 0.7309247927293083 0.7305641419584533 0.7272663292319296 0.7220700052280173 0.7155886479768324 0.7101589802573032 0.7074305032868849 0.7095895780896693 0.7156659884433931 0.7237118128355924 0.7316296731354689 0.7365732819209251 0.7396551361243636 0.7402505878248564 0.7371884757358033 0.7313055868952814 0.7237595720640905 0.7186233205602782 0.7168758583509526 0.7186470140778299 0.725201359357279 0.7322575374031756 0.7390125914599327 0.7450987898181011 0.7476908462029478 0.747188324126244 0.7438289854367974 0.7382220447558162 0.7314161157023287 0.7253002669655786 0.7228550493050883 0.724892574225122 0.731293997126709 0.7395658132130696 0.7463232489850157 0.7522644600512898 0.7562241426495077 0.7565294963714798 0.7532485899842704 0.7470295348373011 0.7403770431784262 0.7347001886234246 0.7325763980343248 0.7354903755446575 0.7416774469226808 0.7490110754261895 0.7558405126492845 0.7616254345909051 0.7649928323622399 0.7645679143060137 0.7607634913314804 0.7550992049375516 0.7491790642163615 0.7449245552592481 0.7431752648854294 0.7453325719628972 0.7511590540693235 0.7582484308646046 0.764367330099844 0.7691276408204509 0.7718945096155083 0.7707361131871359 0.7663910807551934 0.7598738647751575


# name: mse
# type: scalar
0.01647976220665606


# name: r2
# type: scalar
-0.9047267731400361


# name: mae
# type: scalar
0.001560008707115543


# name: mnsc
# type: scalar
-0.5958429849242359










# name: <cell-element>
# type: scalar struct
# ndims: 2
 1 1
# length: 2
# name: M
# type: scalar
25


# name: h
# type: cell
# rows: 1
# columns: 1
# name: <cell-element>
# type: scalar struct
# ndims: 2
 1 1
# length: 6
# name: H
# type: scalar
1


# name: zv
# type: matrix
# rows: 1
# columns: 156
 0.6353414496799059 0.6303477004791314 0.6265360722681077 0.625518997628968 0.6308504266826133 0.6412994573837045 0.653393813176545 0.6629338461106455 0.6671751487031148 0.6658774843047327 0.6608338803588136 0.6527876041771976 0.645149900843902 0.6414827858696184 0.63792497659768 0.6378991478963719 0.6449612277159351 0.6531158907063265 0.6620606935218413 0.6722919240254477 0.6786036209529965 0.6781440256257577 0.6730284615356462 0.6646566644345294 0.657645592579632 0.6540626628618206 0.6510291064400222 0.6509685554989685 0.6559688050813026 0.664653768699483 0.6753125654995499 0.6840903463501361 0.6865953833953262 0.685551315494307 0.6818150833242442 0.6750919759406515 0.6686322486812444 0.6653806808802201 0.6627441769638137 0.661325320822436 0.6659826276355786 0.6737174551148667 0.6831044953090264 0.6918460484883855 0.6964447506667225 0.6957145512573752 0.6901401307883489 0.6827386359931886 0.6764861216968401 0.6730884097362108 0.6732853353422873 0.6739996746081213 0.6763768533587997 0.683210840911503 0.6924383315477532 0.7001402399313766 0.7037426227715584 0.702566854018328 0.698620866302069 0.6925065519485548 0.6855790657717644 0.6812723116206051 0.6801224807013542 0.6811841894003761 0.6860888479103895 0.6938911748715942 0.7014431678569395 0.708405125277453 0.7119955750337441 0.7110036221468703 0.7065771838954488 0.7013079274336379 0.6957985048968996 0.6919751210560849 0.6896764557913808 0.6896947076356172 0.693779785490775 0.701336959296872 0.7105966489049143 0.7177589739906378 0.7211445437506201 0.7196577607614508 0.7156717571245289 0.7091497928378259 0.7030121006761175 0.7002206932614001 0.6991401327472746 0.7004791230335664 0.7050265244966256 0.710793810336585 0.7170723312298367 0.7242816873388823 0.727643416915283 0.7255943805948287 0.7216519474488714 0.7172489829027026 0.7110974771102007 0.708294650149129 0.7083464565786627 0.7073042445184423 0.7114104304563458 0.7192424817731047 0.7265163259035797 0.7322447353721881 0.7353768668079734 0.7352652815540088 0.7309774760763489 0.7249496547953912 0.7200841655751273 0.7159145121286158 0.7149219804283868 0.7170483498748216 0.7211192565478698 0.727089609809779 0.7344567069719248 0.7409138999614227 0.743272433307998 0.7426276975793108 0.7390420012066138 0.7326315612742614 0.727968265114899 0.7263184798630277 0.7235043904224933 0.7235988105285497 0.7282998506455151 0.7346669591535809 0.7415028527208771 0.7475247186430201 0.7506605647526288 0.7487111428893436 0.7452126425191553 0.7394072729395003 0.7337607792756567 0.7314064667648539 0.7307247162208754 0.7313779012212343 0.7357264080688934 0.7428228172291337 0.7490464316961621 0.7550871085156691 0.7571877885477485 0.7554648783228657 0.7513381270768786 0.7463860797974401 0.7423459856350648 0.7406620717685019 0.7395110537783623 0.7388500725864379 0.7434367121471972 0.749995994657397 0.7574140302126974 0.7633732541749293 0.7656176881291161 0.7635349133015839 0.7590097395366028 0.7546796123157657


# name: mse
# type: scalar
0.01685902878077242


# name: r2
# type: scalar
-0.8760691836509735


# name: mae
# type: scalar
0.001543304918165633


# name: mnsc
# type: scalar
-0.5463525319089897















# name: <cell-element>
# type: scalar struct
# ndims: 2
 1 1
# length: 2
# name: L
# type: scalar
8


# name: memory
# type: cell
# rows: 1
# columns: 2
# name: <cell-element>
# type: scalar struct
# ndims: 2
 1 1
# length: 2
# name: M
# type: scalar
30


# name: h
# type: cell
# rows: 1
# columns: 1
# name: <cell-element>
# type: scalar struct
# ndims: 2
 1 1
# length: 6
# name: H
# type: scalar
1


