# Created by Octave 4.2.2, Wed Jul 25 15:07:14 2018 GMT <unknown@unknown>
# name: result_test
# type: cell
# rows: 1
# columns: 1
# name: <cell-element>
# type: scalar struct
# ndims: 2
 1 1
# length: 2
# name: L
# type: scalar
12


# name: memory
# type: cell
# rows: 1
# columns: 1
# name: <cell-element>
# type: scalar struct
# ndims: 2
 1 1
# length: 2
# name: M
# type: scalar
30


# name: h
# type: cell
# rows: 1
# columns: 1
# name: <cell-element>
# type: scalar struct
# ndims: 2
 1 1
# length: 6
# name: H
# type: scalar
3


# name: zv
# type: matrix
# rows: 1
# columns: 203
 0.4477282493940486 0.450614917154307 0.4542769453671154 0.4595358211936265 0.4665137251901189 0.474325054913067 0.4817816117090619 0.4880671460078584 0.4925325107972461 0.4942285683504046 0.4922683130485416 0.4868958746085786 0.4799114943539978 0.4735718742656899 0.4689079712218411 0.4652773892162357 0.4615568404231088 0.4574838690765543 0.4537764760971429 0.451301453347821 0.450377245906824 0.4507428186881895 0.4519280264057649 0.4535138884251702 0.4550584650285765 0.4558911929279371 0.45520278299367 0.4526050644703344 0.4486631046443645 0.444640483368938 0.4415308310389284 0.4394712267444938 0.4382069155669817 0.4378469171110408 0.4388185404624983 0.4410995543398022 0.4437780676211986 0.4455874415985102 0.4459560446841357 0.445539417659142 0.4456315065609657 0.446927004969904 0.4488493503911496 0.4501436557712136 0.4500919873689991 0.4491281132646205 0.4484038555908069 0.4488948716247542 0.450913064489352 0.4543132452850343 0.4588590945366337 0.4641635014916258 0.4693968442975323 0.4734013193600908 0.4753265758984401 0.4751462165459536 0.4734472875745577 0.4707385254136102 0.4671615795324156 0.4630007116840376 0.4592840428782739 0.4575076601137968 0.4585349082793205 0.4617497303976317 0.4653216981459483 0.4673530778793418 0.4669424887659644 0.4643684673415163 0.4603759474705527 0.4553467918966079 0.4492090341068583 0.4419982218165088 0.4341685738134389 0.4262296780380327 0.4183149571487725 0.4104094297976327 0.4030411486793716 0.3974855894080893 0.395033435738486 0.3961261480588513 0.4004121975441791 0.4074996340463881 0.4171394316196105 0.4284349262615544 0.4393233104875999 0.4474606533145841 0.4518379367502904 0.4534840807725991 0.4545364200118427 0.4565549292520574 0.4596027915976357 0.4627250445492711 0.4649591944622612 0.4657257238199149 0.4646357024987801 0.4614753495300552 0.4566017189388218 0.4512651868867514 0.447241518800757 0.4458224941980516 0.4470880869789542 0.450187006918412 0.4542025623891686 0.4586809530082102 0.4635093680372566 0.4685119068629087 0.4732801370254675 0.4774373763041307 0.4809989380226102 0.4843156123882061 0.487584078577297 0.4904749373540041 0.4922954677755064 0.4925139806754405 0.4912199610912184 0.4891772397438973 0.4872948192207714 0.4858344703058279 0.4841420608762291 0.481287432961169 0.477027258969912 0.4721409160045173 0.4678265441520194 0.4647751195860528 0.4628083533779094 0.4613225702106512 0.4599901579513085 0.459085245471396 0.459304323250564 0.4613507104464456 0.4656056722663976 0.4720523848599209 0.4803465811140367 0.4898388412981525 0.499663591215689 0.5091965543074617 0.5186801072779865 0.5292160784363749 0.5416891228386982 0.5554257377767479 0.5680867249583537 0.5771658886128971 0.5816222577865362 0.5820557203368041 0.5795221116434595 0.5744778771662928 0.5669324221632308 0.5572677651185191 0.5465549853463461 0.5361848433078347 0.5274836418750696 0.5216465090274663 0.5197052897135177 0.5222444532526451 0.5289811011213874 0.5386402866550533 0.549434677953292 0.5598195791610331 0.568768941273577 0.5754250753833907 0.5788337741334337 0.5781794346027116 0.5731500644674541 0.5641105059661049 0.5521456741871993 0.5389509554624806 0.5264193176775126 0.5160257780869596 0.5082659563333621 0.5024251127850076 0.4970775891134234 0.4912572348561087 0.4852569995760863 0.4801125322961619 0.4763241416230312 0.4732973561282585 0.4700492909176579 0.4662614589063663 0.4625565183298468 0.4599119250279894 0.4590052648119326 0.4601039512085235 0.4633071620059431 0.4685764293756151 0.475487457160376 0.4831722042900039 0.4906919109373097 0.4975389916080756 0.5038498523650212 0.5101780157554915 0.5168789895612877 0.5233570485550129 0.5276914031830937 0.5269855740676215 0.5181955838707938 0.5109479314167066 0.505522650133714 0.5033396989384783 0.4974977526357902 0.4932738760722364 0.4933539020303103 0.4966457392645638 0.5026474243884058


# name: mse
# type: scalar
0.001828306726560975


# name: r2
# type: scalar
-0.3341261749472197


# name: mae
# type: scalar
0.001242966214207867


# name: mnsc
# type: scalar
0.2781742034437439

















