# Created by Octave 4.2.2, Mon Jul 23 03:43:09 2018 GMT <unknown@unknown>
# name: result_test
# type: cell
# rows: 1
# columns: 1
# name: <cell-element>
# type: scalar struct
# ndims: 2
 1 1
# length: 2
# name: L
# type: scalar
14


# name: memory
# type: cell
# rows: 1
# columns: 1
# name: <cell-element>
# type: scalar struct
# ndims: 2
 1 1
# length: 2
# name: M
# type: scalar
29


# name: h
# type: cell
# rows: 1
# columns: 1
# name: <cell-element>
# type: scalar struct
# ndims: 2
 1 1
# length: 4
# name: H
# type: scalar
1


# name: zv
# type: matrix
# rows: 1
# columns: 152
 0.6632740843243369 0.664380686138877 0.6657129356760481 0.6676860924946634 0.6696447416903709 0.67089249490269 0.6715846001560309 0.6719525515828345 0.6723046835823515 0.6729323556636747 0.6739140428920178 0.6747784832957178 0.6755998736946365 0.6767257206208434 0.6781293417091332 0.6798659235782551 0.6816113967935946 0.6826208177632141 0.6831679933447505 0.6831119309363326 0.683181753010548 0.6835726025101388 0.6846529488953135 0.6853908444789372 0.6862822695164386 0.6873598550506665 0.6885535418003401 0.6899318007295053 0.6915635921993584 0.692379512900557 0.6927841934638119 0.692958778615381 0.6931883550435192 0.6939732919850899 0.6948895422085763 0.6957423830782187 0.696341194821923 0.6971813106874453 0.6980791989491281 0.6993183535506917 0.700868055485976 0.7021441166633315 0.7026488435213176 0.7032236292935596 0.7036918405175817 0.7043366946312628 0.7050794607224131 0.7058626557766927 0.7066224448920473 0.7075686450943447 0.7087329752927204 0.710402327798955 0.7120491411187924 0.7130747682424936 0.7134519857249761 0.7134167578246783 0.7133714075024384 0.7133849227919251 0.71405557981598 0.714821752828579 0.7156707985379477 0.7166014527908019 0.7179880255730796 0.7192720160126972 0.7204918712110998 0.7213391680773625 0.7216215141165853 0.721614042204998 0.7217826440091585 0.7224175871565134 0.7232664754323521 0.7240590686553925 0.7247286404817597 0.7256050710591507 0.7263017683591391 0.7275390101384116 0.7288131121603711 0.729740922646151 0.730264793439669 0.7305481462198051 0.7309335066125382 0.7314402460770614 0.732331635542372 0.733034818691421 0.7337172601218258 0.7347167979992368 0.7356856072446996 0.7367532453511531 0.7383602038605874 0.7391869160866276 0.7393343514044184 0.7394621176297689 0.7396697043497767 0.7400862426875559 0.7405271748523606 0.7414458916758887 0.741988966549938 0.7425510882557282 0.7435356818558078 0.7446974006062241 0.7458623433761614 0.7467391369890171 0.7468209873096587 0.7468598969968984 0.7469245082003623 0.7472100440969512 0.7476232791630215 0.7479846735537165 0.748697826235375 0.749248686195072 0.7500654783452408 0.7515283515395809 0.7528492860718747 0.7535512100614122 0.7538886743581659 0.7541012933490763 0.7543036085188922 0.7547758043693188 0.7555616497428259 0.7562950331421363 0.7569036329935886 0.7577992437750126 0.7586983104030712 0.760014680378968 0.7612458294307702 0.7617887047097341 0.7618654810284939 0.7618559703562029 0.7618169503645619 0.7619868264312192 0.7626669075219068 0.7631743165581851 0.7638915273859129 0.7646663929640812 0.7656659500483037 0.7666846856569305 0.7677736555294181 0.7681737083537562 0.768072580158024 0.7679024181027332 0.7679963533458259 0.7683009265398819 0.7690821205305808 0.7700693300806906 0.7711130931495346 0.7721453139812742 0.7726468032378673 0.7730625274659964 0.7733698090570363 0.7730481150946219 0.7728498417722697 0.7728532256554405


# name: mse
# type: scalar
0.004661148559316779


# name: mnsc
# type: scalar
0.2440591407757098

















