# Created by Octave 4.2.2, Wed Jul 25 06:21:02 2018 GMT <unknown@unknown>
# name: result_test
# type: cell
# rows: 1
# columns: 2
# name: <cell-element>
# type: scalar struct
# ndims: 2
 1 1
# length: 2
# name: L
# type: scalar
2


# name: memory
# type: cell
# rows: 1
# columns: 2
# name: <cell-element>
# type: scalar struct
# ndims: 2
 1 1
# length: 2
# name: M
# type: scalar
20


# name: h
# type: cell
# rows: 1
# columns: 1
# name: <cell-element>
# type: scalar struct
# ndims: 2
 1 1
# length: 6
# name: H
# type: scalar
1


# name: zv
# type: matrix
# rows: 1
# columns: 176
 0.2701170676545376 0.3451515199688829 0.3671086842518165 0.2886525427681069 0.3151265903833218 0.2727914092467981 0.3471480454533224 0.3698105668308187 0.2674623091778258 0.2957984072527756 0.2825809811792858 0.2872689620019687 0.3143680424865757 0.3485104550245384 0.319141403797726 0.3091070004193805 0.338015296892275 0.3241923934905721 0.2539274786111169 0.3355548736208669 0.3430780644122555 0.2828741354046796 0.3041243392782087 0.3509497431118255 0.3934753407259682 0.2969848179430551 0.2697210868877979 0.2894279773464474 0.387875774100601 0.3529398874185282 0.3555452357857544 0.393917861229322 0.3556124498319372 0.3503191564031271 0.400494034573124 0.3344289114624862 0.2737190542798759 0.3392913612949019 0.2936266036579723 0.2460641683004824 0.2710931548960823 0.3855095679341856 0.4562377626892725 0.3625619315818644 0.3883985625857868 0.4165401018833443 0.3571978989291273 0.2879139424932893 0.21136336856455 0.2265076594821492 0.3458022453746298 0.2397912774462074 0.1992387110131912 0.2343889563031107 0.3455279949124034 0.4184265725172083 0.2570976793977081 0.2489125386483835 0.2897333310691887 0.3202363590376126 0.2487505313116846 0.2871044071569362 0.3480698094536374 0.4117337968120499 0.3475955600633125 0.3358753075750164 0.3301851256282515 0.3156426693183629 0.33158464558332 0.3262505863629347 0.3660076783571442 0.336170091998485 0.385774145960553 0.3809256216476423 0.2383550324152885 0.2851900947523556 0.3670718401348602 0.2697260320085734 0.2494033649090441 0.3373539622180437 0.3305792185384539 0.3974389131530691 0.4638031156686911 0.3932033963655667 0.353137508550465 0.400409794624933 0.3338786447364011 0.2636700668108737 0.3347561165443371 0.4277596832390131 0.4316278280148744 0.2665328222563675 0.3301612452573924 0.5178333294677364 0.4165769786596022 0.3036141219885771 0.3292445868137389 0.3925923126911603 0.2985096809128998 0.2760824021626078 0.3196549527986209 0.2811788487222255 0.3354932979450985 0.2524179049411002 0.3177149370646893 0.4583195387624485 0.3827851959997253 0.353419262928571 0.2895991903538591 0.3168382436705976 0.3521174911634234 0.4398420795604781 0.4157448786240688 0.3661302051406536 0.3761487235013141 0.412454085948436 0.6167786430823065 0.4577444760091665 0.4235388763358415 0.7634768654055548 0.5720942771177848 0.5204674577174874 0.4235186845944233 0.379340086254083 0.3935849774725141 0.3589423119367968 0.3420471238523519 0.2835644192586797 0.4187946428304589 0.4888401782956414 0.3569150185980124 0.4056177315864384 0.5276992441427482 0.5208018570404871 0.4462284704879076 0.466781689149065 0.4971062600558715 0.4039291407721988 0.474899933455054 0.4636326812202365 0.4156964492821341 0.4610125219375485 0.3846272804838937 0.3187714888550336 0.3083614773806123 0.3925741453861092 0.4403635352229979 0.3301190177557852 0.2631516636073934 0.3599995411012428 0.4391920298071568 0.3195267117692966 0.2770551799663933 0.2797027232682606 0.346172133603529 0.3218391658672548 0.272444858136667 0.374380586431306 0.3358746829443496 0.2993347201127889 0.3510197274431038 0.319575234971457 0.3581915568632826 0.451918908602956 0.3555911011358044 0.3475866414022361 0.380566850369641 0.369283586947954 0.4483967066874388 0.4830366608470564 0.387833767128158 0.3936705658302575 0.4233102414005421 0.4525499339745055 0.3707851825748056 0.2273005493807513


# name: mse
# type: scalar
0.004272438488133662


# name: r2
# type: scalar
0.5387654552156768


# name: mae
# type: scalar
0.001102086454570767


# name: mnsc
# type: scalar
0.4076715732792461










# name: <cell-element>
# type: scalar struct
# ndims: 2
 1 1
# length: 2
# name: M
# type: scalar
30


# name: h
# type: cell
# rows: 1
# columns: 1
# name: <cell-element>
# type: scalar struct
# ndims: 2
 1 1
# length: 6
# name: H
# type: scalar
1


# name: zv
# type: matrix
# rows: 1
# columns: 166
 0.2972370387187873 0.285104008707785 0.2932357772662425 0.3317498821354949 0.3151181295239426 0.3198833990107746 0.3147722329506544 0.3116345861742524 0.268736183950668 0.308960738987219 0.3063744690811777 0.2548334949724493 0.3144714717908362 0.3396522361172791 0.3675479605610261 0.2908194043501311 0.263950830869852 0.2906113495083035 0.3493415584159567 0.3238813226927675 0.3253396506705989 0.3531152828054536 0.3325593310076709 0.3408757489311987 0.3519610351940096 0.3166988237215548 0.2554327797906822 0.3199946099240799 0.2717055346018637 0.2377781550255547 0.2688480620585142 0.3508732762930617 0.3866351922319477 0.3235188767348952 0.3697684331945068 0.3876087708432153 0.3326535253027707 0.2655751925958541 0.2037618238627453 0.2228123067058038 0.3255959717326382 0.2443673918619296 0.1972940924762566 0.2372494610443671 0.322987148537022 0.3648917757707173 0.2531683809267868 0.231686512729654 0.2853563997129429 0.3206587454043889 0.2569044988327402 0.2562279179451725 0.3152142126779991 0.3767102139503264 0.3342356150067319 0.3103560813690076 0.3293948322290929 0.3127960863815863 0.3171112638905846 0.2724938910313011 0.3408462836378282 0.3426509075528569 0.3445288732408912 0.315986418167176 0.2268047259921443 0.2804999250446604 0.3254768297206603 0.2197871497259714 0.2084573182289766 0.3089806500277306 0.2894412683718443 0.3277012043363396 0.3847450077556901 0.3657927958885602 0.3384173906510102 0.3617050911379476 0.3034466482743843 0.255346069647397 0.3175298288295239 0.3711379838917493 0.3810940408076882 0.287440075931785 0.3275311386442943 0.4721548220327663 0.3890030345250851 0.2754524746480125 0.3001094597958054 0.3683695101697442 0.3016443102922898 0.2766616288875068 0.2956847708504063 0.2768359813648118 0.3235402377029988 0.2568011425869933 0.2894930137378995 0.4030212645182925 0.3676681071167395 0.3305716597219434 0.2869425165440277 0.3057195003596409 0.3714189083846797 0.4078758540465731 0.3520140848630998 0.3422305746770029 0.3846875892384817 0.3841964970407581 0.4759622617776154 0.4242145961299 0.4101822489597039 0.5760014634236542 0.4954661417083255 0.4406913527096853 0.4241966233868489 0.3489661102010098 0.3192167230481153 0.3042234375874265 0.3154550484432285 0.271222378222595 0.3678969387165364 0.4012766862208649 0.3354392766934132 0.3653122119061581 0.5038489218109592 0.4936424768260565 0.4161369744442013 0.4429435546574467 0.475767974805255 0.4171130191891918 0.4193835900686066 0.4252904599952558 0.4175954972173503 0.4591132494311405 0.3860246458334018 0.3163361213810513 0.3380297635255383 0.4036148690726697 0.4326514572963432 0.3400515427960025 0.2828878814249449 0.3820369747761779 0.4302287162555941 0.3144906702890178 0.2604610538704276 0.276586992401626 0.3440927573567395 0.3244694563863137 0.2830829322549148 0.3526670811724657 0.3354521789512173 0.3184777943309609 0.3519732856692483 0.3406087162198416 0.3590931928051221 0.4328385151138883 0.3535468350037452 0.332041566240688 0.3936744764111533 0.3816862063743314 0.3984912985173495 0.4002229710625956 0.3726753810440325 0.3809323187549692 0.382822080898876 0.3685713568251841 0.3440858963991044 0.2357807176326362


# name: mse
# type: scalar
0.005040004409648298


# name: r2
# type: scalar
0.5074637799344675


# name: mae
# type: scalar
0.001219562555761084


# name: mnsc
# type: scalar
0.3502047445206318















# name: <cell-element>
# type: scalar struct
# ndims: 2
 1 1
# length: 2
# name: L
# type: scalar
8


# name: memory
# type: cell
# rows: 1
# columns: 2
# name: <cell-element>
# type: scalar struct
# ndims: 2
 1 1
# length: 2
