# Created by Octave 4.2.2, Sat Jul 21 21:13:58 2018 GMT <unknown@unknown>
# name: results
# type: cell
# rows: 1
# columns: 2
# name: <cell-element>
# type: scalar struct
# ndims: 2
 1 1
# length: 3
# name: lag
# type: scalar
2


# name: L
# type: cell
# rows: 1
# columns: 2
# name: <cell-element>
# type: scalar struct
# ndims: 2
 1 1
# length: 5
# name: KerType
# type: sq_string
# elements: 1
# length: 3
RBF


# name: Gamma
# type: scalar
32


# name: Sigma2
# type: scalar
1


# name: a
# type: matrix
# rows: 523
# columns: 1
 -0.1769485556201755
 -0.09463281277541079
 -0.007837718837645405
 -0.08957174619097277
 -0.1486393657971004
 -0.08537893914246897
 0.08155929034775353
 0.2209247211937545
 0.2067238571392728
 0.02326886497412869
 -0.1894009764214156
 -0.3362166655337947
 -0.2957615467686251
 -0.1669983042842558
 -0.08235379645402666
 -0.09554196152308433
 -0.1367199681273532
 -0.1318740193623585
 -0.04185034785935338
 -0.01444351007969932
 0.001628189890782956
 -0.07541917898603819
 -0.1650842508739763
 -0.1336854850009652
 -0.06953615084114025
 0.05620059324231839
 0.04464181188298578
 -0.01586128060232754
 -0.02933882703127735
 -0.01272242853436091
 0.03894540020735267
 0.05272618417459363
 0.06865674971830671
 -0.006613972158851946
 -0.06996483075624749
 -0.2035850271038168
 -0.1406358376414334
 -0.08201423060727481
 0.02418411050794036
 -0.04813225289144354
 -0.1182728528307494
 -0.0851709399550048
 0.06726773169338721
 0.1537991112543952
 0.07429895462505078
 -0.09228579194378815
 -0.2238473926425865
 -0.2569659670772647
 -0.1699666854139141
 -0.03839286154840306
 0.07700882114095765
 0.04997156587040249
 -0.01980499270766307
 -0.0687965132362983
 -0.03931971002007932
 0.02604486906598008
 0.03544696908014405
 0.01601326587929238
 -0.1004468343430411
 -0.134685189529535
 -0.1098555798202667
 -0.0250894202689583
 -0.04409143756675833
 -0.09486039090520139
 -0.1589043641440686
 -0.1072611255546464
 -0.1018206729262589
 -0.03494053629377075
 0.03334865904688094
 -0.008277759166268564
 -0.0370346560514826
 -0.1506747490708909
 0.004246875084258844
 0.05828649586885447
 0.1425294083747127
 0.1012507702134608
 0.1198033843609732
 0.2057467454973707
 0.2522289541200069
 0.3127562929131038
 0.2478520753165768
 0.1502356739425935
 -0.01129011477110824
 -0.1350860014555527
 -0.04382178220832841
 0.1079618311872525
 0.2240326061972412
 0.1196870956455789
 -0.02414561919516285
 -0.04916028674642611
 0.01990572357419602
 0.06302368949418427
 0.006155324439004505
 -0.05916421268325325
 -0.1041683310189175
 -0.08956399173816532
 -0.003881095218466137
 0.1133216532620908
 0.1225234580190492
 0.01990162339053024
 -0.07144200867609961
 -0.03911539605573737
 0.04861058878181568
 0.1582107390638098
 0.2072576243033245
 0.1578449157930439
 0.03124714543394964
 -0.07259283991432361
 -0.05188471755397987
 0.06618484490395121
 0.1634084742582761
 0.1455566989524024
 0.1326737857602823
 0.1434261548878439
 0.2368244232001946
 0.243701581851229
 0.2642348823829354
 0.1843029460717488
 0.1434106741248232
 0.04432637046264076
 0.08493299012158138
 0.1255752381072384
 0.147663041056691
 0.09863431336209817
 0.03870220186111002
 0.07152564809154263
 0.0553257907476381
 0.05247031396595445
 -0.008177849809783276
 -0.01654067406712629
 -0.0671806395851289
 -0.04714383007019068
 0.01132206769645241
 0.1046910080240127
 0.1095665234480841
 0.01717114100719635
 -0.1095452721948252
 -0.2019275363942928
 -0.1132069143373619
 0.007274534282806151
 0.1025712744217259
 0.03504264437891279
 -0.1270835500116204
 -0.1850919346848039
 -0.1221557813232288
 0.03758346415062876
 0.06960029266875836
 0.03542545319744733
 -0.06704263957915317
 0.02810657134820845
 0.08168859641376472
 0.1176521925407004
 0.03026449559586334
 -0.03270028942625515
 -0.02818860329114963
 -0.006475184708720353
 0.1047585149553498
 0.2030230701717683
 0.2329055346264627
 0.1897331144196087
 0.1528595228665825
 0.1812662168138763
 0.2646966669858068
 0.3543761248432659
 0.3892540572344085
 0.3465589340801423
 0.2285647221503151
 0.1141795506982918
 0.06007456637352612
 0.02047524748118256
 -0.04980348766949214
 -0.1116954355576992
 -0.1305530504312682
 -0.08392101316322079
 -0.08540164476101958
 -0.1371399520095913
 -0.1903600120696409
 -0.2825646810402438
 -0.3363950865564885
 -0.3413810029597813
 -0.2320230334935527
 -0.05228567631977401
 0.04133583032339061
 0.006357077490309489
 -0.1172387036500586
 -0.1610709933359674
 -0.1035421280736359
 0.006671679963329197
 0.02782060088100221
 -0.03673687180258144
 -0.1025868835509748
 -0.1215629226288978
 -0.06601672215104412
 -0.005172863772443466
 0.003006228045142306
 -0.01035946899372847
 -0.04216162557007495
 -0.01286361434852689
 -0.03438789896069259
 -0.06182382637335841
 -0.06900848976099423
 -0.1279333448466241
 -0.1943223062798015
 -0.2792211464914154
 -0.1892800408502895
 -0.0536817092802075
 0.002224814464447238
 -0.1058973307724385
 -0.1118252497539851
 -0.04248867549486831
 0.1423943749083878
 0.1770781972731811
 0.197305700275204
 0.1101149448947223
 0.07633197579520783
 0.05715274253896479
 0.1387801542059464
 0.1799945807953596
 0.1867088561336207
 0.04803331620492899
 -0.02140570770565462
 -0.08809637462976978
 -0.06013803791431872
 -0.01394070213095179
 0.00738845723119692
 0.01405967887823715
 -0.1217886057507407
 -0.1732964665320241
 -0.1255403332882558
 -0.02489802950512669
 0.01361207104818848
 -0.07980432709129909
 -0.07094884893984323
 -0.09288164540495908
 -0.06882945784705093
 -0.05228493794267973
 -0.04560334659402267
 -0.01983428945202167
 -0.1042693096465464
 -0.07130431747489609
 -0.008556940189084736
 0.1024195480162121
 0.1027979401313566
 -0.00756300778734563
 -0.03138346549565436
 -0.02057908477200949
 0.08013029459931112
 0.1249709420603072
 0.100488901864916
 0.07135122071584853
 -0.02148905703605467
 -0.01552210879697882
 0.01706511908125436
 0.04159500415185811
 0.008487320906171479
 -0.03962156643766224
 -0.05906791932414537
 -0.05015275768507689
 -0.04675876476042182
 -0.02887254820964268
 -0.04653387492536342
 -0.1387626429101314
 -0.2428677842184422
 -0.2473584839373314
 -0.1071078196977931
 0.02262002627416176
 0.05822945739070247
 -0.03604989056455306
 -0.1061142746270875
 -0.1065581153523598
 -0.02556042075378344
 0.02060172966679071
 0.0475365636071183
 -0.005891845823135627
 -0.08536578162986722
 -0.1469010234225717
 -0.1179177684580159
 -0.05601744630036843
 -0.08773157153758096
 -0.1409266383685601
 -0.2417461766122205
 -0.1509759679582805
 -0.05742213834389649
 0.1070426994405436
 0.1439572036126038
 0.142956814237536
 0.07083442937686187
 0.04187784817841361
 0.06896365474627114
 0.1671568862877826
 0.183423300604682
 0.105281284821793
 -0.01084431034507072
 -0.04897098103110573
 -0.01956546055526336
 0.004102735980710549
 -0.01354227288326911
 -0.06209167234790986
 -0.1538049188679871
 -0.157730521741676
 -0.08211113552465356
 0.08520856973990626
 0.06547336230062764
 -0.01502851063813305
 -0.03177208821507734
 -0.0002487610514114061
 0.05901887798827972
 0.02213850156044675
 0.02044494818866371
 0.008595539109079772
 -0.03603599786196855
 -0.04855017435393869
 -0.02159253846760998
 0.05137555662590899
 0.02883857727394066
 -0.08698911801601916
 -0.2108072924635374
 -0.1415560067013013
 -0.0286445927683571
 0.1024500166855556
 0.08053536565252437
 0.01626077694104091
 -0.0005733741322473248
 -0.04279723531809217
 0.03110981416183593
 0.05419058301455913
 0.1473072957094692
 0.05198589142996519
 -0.02790680993330372
 -0.03696684906140176
 0.07305712906139854
 0.1444032601878037
 0.138370612562526
 0.0826992045498418
 0.02054698856853702
 0.0009766316104950475
 0.0782385127220907
 0.1656080777956923
 0.2080969386916263
 0.2000007128452044
 0.1684336550482814
 0.1786863726007549
 0.1723109045749899
 0.1982199413227955
 0.2246265076120731
 0.1774569177638894
 0.1214671196329038
 0.0852127698658687
 0.147068785911652
 0.2005191653601932
 0.2083266138820378
 0.09236631093664838
 -0.01946301340650918
