# Created by Octave 4.2.2, Wed Jul 25 01:39:32 2018 GMT <unknown@unknown>
# name: Param
# type: scalar struct
# ndims: 2
 1 1
# length: 3
# name: L
# type: scalar
1


# name: H
# type: scalar
1


# name: M
# type: scalar
1




