# Created by Octave 4.2.2, Wed Jul 25 01:25:33 2018 GMT <unknown@unknown>
# name: result_test
# type: cell
# rows: 1
# columns: 1
# name: <cell-element>
# type: scalar struct
# ndims: 2
 1 1
# length: 2
# name: L
# type: scalar
2


# name: memory
# type: cell
# rows: 1
# columns: 1
# name: <cell-element>
# type: scalar struct
# ndims: 2
 1 1
# length: 2
# name: M
# type: scalar
30


# name: h
# type: cell
# rows: 1
# columns: 1
# name: <cell-element>
# type: scalar struct
# ndims: 2
 1 1
# length: 6
# name: H
# type: scalar
1


# name: zv
# type: matrix
# rows: 1
# columns: 166
 0.3005076592327121 0.2715733356152714 0.2673984499664382 0.3192380916428739 0.3267369691874823 0.3272654956345021 0.3038232198380992 0.2986947726929169 0.2619429544176907 0.3075524957798054 0.3045641652522794 0.2366307868855398 0.3062219254961337 0.3516805213044576 0.3644550812570594 0.266658175574471 0.2565720882843608 0.2976412479481773 0.3441328091102848 0.3125772301757859 0.3325303718868564 0.3631671657095893 0.3401044746932531 0.3361543699170618 0.335551660895002 0.312939951795744 0.2606374219307988 0.3269119220705169 0.2669652778715286 0.2261929739646988 0.2654376894344234 0.3668517519261705 0.3999420811203438 0.3223858613437941 0.3784528740893783 0.4093265285395005 0.3104111849665084 0.2515845030543951 0.1952883396656416 0.220504822347806 0.3395044095177642 0.2395697436829139 0.1813204486378183 0.2380997752638762 0.3289289791413406 0.3484801749520148 0.230848993477026 0.2246541861467459 0.2884148043308741 0.3004092295107016 0.2259933517988419 0.2536788568532278 0.351309635427187 0.4143536446202872 0.31709163129594 0.2839624652363407 0.3244974292306829 0.2832546694802118 0.2674205003963771 0.2353019944141693 0.3593804327080232 0.3598799273683072 0.3485341405301395 0.293285279381315 0.2091767070377922 0.308664754432188 0.3524787336251963 0.2029808735470792 0.2064740940804327 0.3425116561424784 0.3127159916791853 0.3221883684057901 0.3829959348038086 0.3811839336551016 0.364304391205342 0.3561982019440751 0.2988999319412328 0.2378173582801081 0.3164820894518075 0.4015187725682532 0.3791714819845124 0.2646700864513788 0.3269816729279289 0.4924514683485251 0.3747918148834637 0.2737042873082048 0.3172142214777107 0.3714987976676031 0.2937458326659289 0.2717772964400524 0.2906699930986902 0.2883473772687322 0.3391435125377277 0.2459237311441772 0.288931940694686 0.4119270767048662 0.3675030400021577 0.3371051624121884 0.2635092226798522 0.2959504657793756 0.3738981966387832 0.417866628143217 0.3538107020570986 0.3630879469742551 0.3964869906753202 0.3814030594808032 0.4923691502169275 0.4280359203149858 0.4374877321221088 0.6106674551107381 0.5059641752360599 0.4706347296031556 0.4455337634084644 0.3610621462868139 0.3300523280594087 0.3322168324698394 0.3334088546305927 0.2920476424815771 0.3825025050015863 0.4040982592802876 0.346663246957655 0.3805897476140485 0.5156465398872192 0.5264259623810406 0.4137350297181036 0.4647319371951437 0.4859812920901094 0.4192097852376788 0.427715510495744 0.4373600051976423 0.4305235245190935 0.4563862953827554 0.3931211637226747 0.2942844195678185 0.3200936664648613 0.4174307288534556 0.4315301006559632 0.3275088957246485 0.270154641979611 0.3830636190272554 0.4328262690529095 0.3024143657823919 0.2643163831079641 0.2876222666033461 0.3577177182505215 0.3118423185883825 0.2622917905330195 0.379754836864614 0.3451504045818401 0.3051694609923846 0.3361952778874701 0.3255146884077294 0.3581405289180978 0.4507236184270645 0.3477839773167317 0.3211002895654827 0.3965514514496277 0.3805661008318402 0.3822244009735011 0.4063512737961936 0.3846034617801734 0.3982191666546954 0.3824461906546637 0.3626686237474749 0.3492469947316423 0.2348086212910337


# name: mse
# type: scalar
0.00477694742455023


# name: mnsc
# type: scalar
0.3622940585918785


# name: r2
# type: scalar
0.5121824691329849


# name: mae
# type: scalar
0.001213706553703238

















