L =  2
val_M =  32
val_H =  10

rmse =  0.0072343
mae =   9.8649e-005
r2 =  0.99265
mnsc =  0.91562